3685251 1985280.1521671579456183149491627703919
3685252 1985280.8864265890647743128158067770882
3685253 1985281.0261290675566196122446845329598
3685254 1985281.5545732035144933809855358988245
3685255 1985282.3454242866770527523876307802520
3685256 1985282.9405593715728490675872489785754
3685257 1985283.3102642909620115713238379247071
3685258 1985284.0459118118329000325070844416088
3685259 1985284.5132725091194634525190549035019
3685260 1985284.9237356329173652839172223163735
3685261 1985285.4586708582904843986153222188222
3685262 1985285.8554286554483914907542690608895
3685263 1985286.4849686853537374423426899064302
3685264 1985286.9020176519544431721165120404225
3685265 1985287.1153838061169463190603170090819
3685266 1985287.5887377024827825193015574667547
3685267 1985288.3262725324328299337574766175286
3685268 1985288.7496990307217814434461176626190
3685269 1985288.9714678265181327438923664606535
3685270 1985289.7254525862151641447947795155052
3685271 1985290.0631575804323193689886816998461
3685272 1985290.9712609103264243831212046854783
3685273 1985291.3964065660757632813511148631019
3685274 1985291.9071737931995290633038998853270
3685275 1985292.2306667791923401199148620530791
3685276 1985292.6723990029838854532639041224693
3685277 1985293.3118541834622659108553526270793
3685278 1985293.8373136924041690127416734592228
3685279 1985294.2333415773977302898801935042977
3685280 1985294.8332711359299058772137527287582
3685281 1985295.3117414595693467204927655004640
3685282 1985296.0279442215686081117795714506887
3685283 1985296.2389319976960148669329697773935
3685284 1985296.6736339027083109495836275017758
3685285 1985296.9753376281415613438872939265864
3685286 1985297.7378152054018232933904474341178
3685287 1985298.3450312684783326726724493924056
3685288 1985298.6003917796720606290173433300025
3685289 1985299.0607080674612542361093093428054
3685290 1985299.5045245375956121383235661673808
3685291 1985299.8301238302391586800183373853211
3685292 1985300.6028011019383857983587346522068
3685293 1985301.4987398137036397626891072572284
3685294 1985301.9703543688352415342920339123956
3685295 1985302.5338299684909313975517918986410
3685296 1985302.6568697654885376352615571706593
3685297 1985303.2696465388550133433540741539750
3685298 1985303.7114651827916540040637370044993
3685299 1985304.2716893687722382907591128695048
3685300 1985304.7333237387107695228471431536522
3685301 1985304.9689098799766697724528416885456
3685302 1985305.3186097462997257265404105859700
3685303 1985306.2769832718481548806940655648824
3685304 1985306.7866198714958038940878427919302
3685305 1985306.9482553337769827265836485156265
3685306 1985307.6666221539121488930835177121889
3685307 1985308.1407621478135724060799730248375
3685308 1985308.5254470241749613253424425119378
3685309 1985308.9733741481110107679157429710471
3685310 1985309.5753963403731320421207238596798
3685311 1985310.1055844469939753851695457352044
3685312 1985310.8935737954343340455021852076605
3685313 1985311.2298015170939809062643366747261
3685314 1985311.6716160737640254619897312546862
3685315 1985311.9064795599621341445150441276687
3685316 1985312.7925509309825941544563686411721
3685317 1985313.1952987521511261119485084667724
3685318 1985313.6770754178812471978831809078640
3685319 1985314.3139205450952010539904942037226
3685320 1985314.7103680810675300355310626086046
3685321 1985315.1554387241824758274766091993520
3685322 1985315.3990366904891294400525692476920
3685323 1985315.7692317217745805646936175607789
3685324 1985316.3751754407662136634542037412954
3685325 1985316.8130118489190907249710964317450
3685326 1985317.4587618095222708003652456228266
3685327 1985318.1440301655954766091605830199364
3685328 1985318.6292875083861557103226799080905
3685329 1985319.0258040358033067933104950980739
3685330 1985319.7992613872914875489135337509879
3685331 1985320.2216518569661932853522915838380
3685332 1985320.5902071645181205875619108728887
3685333 1985321.2202629400353534232801985120816
3685334 1985321.4769963311704715412089919344584
3685335 1985322.1093778840151613254106909943352
3685336 1985322.5522568594143991014915402539766
3685337 1985322.8799073823050889882513748028512
3685338 1985323.4929226297776771867425529336656
3685339 1985324.0067004589321553830610835469470
3685340 1985324.4907974604838142578207954002397
3685341 1985325.1050487953362772821706788790771
3685342 1985325.4352707888388971957772382628351
3685343 1985326.0211063244160485510080279250831
3685344 1985326.3508236851166794712532420912806
3685345 1985326.8987517387144132411248519566187
3685346 1985327.3281093912530411909697331138863
3685347 1985327.9644840219464553990893981212133
3685348 1985328.5537193537039775511651129754604
3685349 1985328.7142662129412476576150260592234
3685350 1985329.8153770514273000017050019643059
3685351 1985330.3338550186645584376616838864044
3685352 1985330.6704382316307923517056170582976
3685353 1985331.1576618649201472603213600602454
3685354 1985331.3648188024876139294400872986402
3685355 1985331.8684035847722937234609716908930
3685356 1985332.3003529295695807397934320001261
3685357 1985333.0269161273997735084945608513749
3685358 1985333.5888705959595619632539514752578
3685359 1985333.7067845692952170209265714745429
3685360 1985334.2554627684625766105583472389151
3685361 1985334.7392707015937193844264065211318
3685362 1985335.3659530004904335915615602154052
3685363 1985335.8293287881833094978377923299887
3685364 1985336.3258504214395469672021354828791
3685365 1985337.0712542419011378576703010314589
3685366 1985337.6838854244392980442682913589259
3685367 1985338.0694029360272890807214446735527
3685368 1985338.5954821857471362664076246483641
3685369 1985338.7803444472485692352967493707682
3685370 1985339.2674691892229927011956424271222
3685371 1985339.8303820702245419489710482142928
3685372 1985340.5297981738259799665608504756887
3685373 1985341.0914480864560930259350239817035
3685374 1985341.3061294835958649049322853298138
3685375 1985341.8257484290336267894451651663027
3685376 1985342.6868966036703411934466914047633
3685377 1985342.8873852300014178975300345172862
3685378 1985343.1591647518615449138151507448420
3685379 1985343.6730777390592592595306435257429
3685380 1985344.2975823433787515314815375797673
3685381 1985344.6275397436381216958349934103783
3685382 1985345.1111587176220420967796174058067
3685383 1985345.7632717677608099509424971706145
3685384 1985346.6338565896313795180487344839757
3685385 1985346.9305465378060375167659033602869
3685386 1985347.4483850900894749127880410602078
3685387 1985347.8946388385254438234777369653598
3685388 1985348.5360291047810993316538807608639
3685389 1985348.9796589959796882640762103769249
3685390 1985349.4142520094929599721648703653682
3685391 1985349.9892378040941915913150318399457
3685392 1985350.1712811008062109614579242756731
3685393 1985350.8084142248979158206415269132876
3685394 1985351.1047365017152571435671855600442
3685395 1985351.4937072772346636889006226189368
3685396 1985352.1741140417018493191351652921343
3685397 1985352.8970875725359859479037966196004
3685398 1985353.4263323801151402388983813554855
3685399 1985353.9223505461570274024814100569586
3685400 1985354.0310763476793698283613368326903
3685401 1985354.6107112777716400291832174172149
3685402 1985355.3726583292863669904424208172331
3685403 1985355.7240724052245041259282245471434
3685404 1985356.3842286191600835187326994874658
3685405 1985356.8714882163270479754727409878487
3685406 1985357.4613897630578981228920826386307
3685407 1985357.6765890227274808665593543460712
3685408 1985358.2843305105864063510476420635409
3685409 1985358.8232748908220006938872560152665
3685410 1985359.3811137772820675487424426475229
3685411 1985359.8971349080700837230184854104716
3685412 1985360.2548030082616073768959243548553
3685413 1985360.5658812047788784566044032618532
3685414 1985361.1931332557652200248902747491803
3685415 1985361.5616012918729437070473176604135
3685416 1985362.2547115948744915002630824121199
3685417 1985362.5297116178090895551229308141398
3685418 1985362.8492056211005314386171975324500
3685419 1985363.4500195883757587030854193308511
3685420 1985364.4580660325613012502978555528762
3685421 1985365.1449542509270742674891302131882
3685422 1985365.2365112722026676754473381156116
3685423 1985365.7738451506714939981011174360219
3685424 1985366.5032024188949292275825069512403
3685425 1985366.7591349462582605011594972724590
3685426 1985367.1776941054340101502676049220633
3685427 1985367.3794071756844159690248924258305
3685428 1985368.1528790591572472325625847806585
3685429 1985368.6794033390822525023745466689406
3685430 1985369.2397101630834148367406823525358
3685431 1985369.6734885653788521717445264975155
3685432 1985370.2215427004701090993846051969404
3685433 1985370.6809062982621047541068892538685
3685434 1985370.8530689283822793584292566984577
3685435 1985371.4141267500808675024282824567494
3685436 1985372.3820033765612734034161169299621
3685437 1985372.6311099324332286871998271243008
3685438 1985373.0043749237573302074785445709787
3685439 1985373.5835289088046967776939079533457
3685440 1985374.0835890070045767092851871430116
3685441 1985374.6616843829794012643235865534609
3685442 1985375.3145161016796581981833425365461
3685443 1985375.7151561728736056407706507570358
3685444 1985376.2853434085876396108488357638692
3685445 1985376.9298337519928695853151110008742
3685446 1985377.1150536998056665204022165065023
3685447 1985377.6436606352250290377149761512309
3685448 1985378.0836761142216438051293322020655
3685449 1985378.3980767091272928966663844288956
3685450 1985378.9069785785285671331244091163714
3685451 1985379.6051146547859296066554414343587
3685452 1985379.8775055706580459543792712646662
3685453 1985380.3381804821156076056083733134545
3685454 1985381.0511986769111701433816558750934
3685455 1985381.5207469389272900962972972702343
3685456 1985382.1923739354535100949578964090671
3685457 1985382.8205891998987702916890248478319
3685458 1985383.0494320745058476067914319379648
3685459 1985383.5239050305216685530750585547780
3685460 1985384.2591540053991725806558281574832
3685461 1985384.6900748385395713841026799674935
3685462 1985385.0940937255067288386836590163925
3685463 1985385.6215268493867984157773102608157
3685464 1985385.8474424282676466836125650723301
3685465 1985386.5113254513593782632104894387172
3685466 1985386.9336107053371971255072480689957
3685467 1985387.6254723481993396461380383030578
3685468 1985388.0891600535800669269159089305033
3685469 1985388.7156731527692122550038653017567
3685470 1985389.0178527169180095102882760800802
3685471 1985389.2870564748176785139492911041603
3685472 1985389.8651975295007511128923194311600
3685473 1985390.2136911312423565470141817690096
3685474 1985390.6795129083737125227654542832800
3685475 1985391.7735985504773435039653033408811
3685476 1985391.8828696474337590896815277023240
3685477 1985392.8610971300270193036973966357025
3685478 1985393.2243967049399786865810217468858
3685479 1985393.5026875764970418017854151768885
3685480 1985394.0261402513177182023687463206038
3685481 1985394.6492856067648201516546713285309
3685482 1985394.9486244933355379106692602943601
3685483 1985395.4338079514421205122741852859999
3685484 1985396.1335055235015585709488452339965
3685485 1985396.3993591284711059641606043234144
3685486 1985396.7527572134298897637029588380099
3685487 1985397.1560729686065721513753001620734
3685488 1985397.8691927161366766429290784083300
3685489 1985398.5174204459774189160946682881545
3685490 1985398.7830096687388412450466801474656
3685491 1985399.4039217019089021848210966753533
3685492 1985399.9682771025695952856553638020492
3685493 1985400.3796576041617531162841285012819
3685494 1985401.2822050536082868994058470693426
3685495 1985401.5151977938728726149254221627103
3685496 1985401.7953649627740334510602190730742
3685497 1985402.5404103850012081276540106711799
3685498 1985402.6575537507761829146534734035681
3685499 1985403.3833271788285666185456357651954
3685500 1985404.2433144993058051154832872505313
3685501 1985404.6438532360477121400027063631202
3685502 1985404.9741684809175442173367105520679
3685503 1985405.2309969336129002976172352642542
3685504 1985405.7844714148420092303372189169715
3685505 1985406.4887609549923185999077664237264
3685506 1985406.7600156775020358014338268487862
3685507 1985407.0735661583920047289239911473651
3685508 1985407.7856733888911530579464608815203
3685509 1985408.2274500701055498392405423063402
3685510 1985408.8379542411077353826594165065378
3685511 1985409.3299351470986954125035171296659
3685512 1985409.6071752648835609718294788840921
3685513 1985410.7003347920715672180023948411875
3685514 1985411.0822306063409341382830768708007
3685515 1985411.7273957193589909437800445581119
3685516 1985411.9592725859041950671982459440423
3685517 1985412.2864430767966657195429987736903
3685518 1985412.7657542244116038416817036039546
3685519 1985413.3582845079826100460697720327868
3685520 1985413.6731007813131280414242961247292
3685521 1985414.2355887758056510353483789032432
3685522 1985414.6864859606651174602829499588775
3685523 1985415.4199401673606947683551221441735
3685524 1985415.7130209595318643779448614601028
3685525 1985416.3669417254529139236720094852577
3685526 1985416.7266852227613004596068361872566
3685527 1985417.3455174626954915826539410717595
3685528 1985417.6349809341047500520621615905595
3685529 1985418.0706750346694920137840587197465
3685530 1985418.8037423746799409191686390496050
3685531 1985419.4793120060032653203884623739709
3685532 1985419.8426956733793629778366454615880
3685533 1985420.1978714353378597469920898499778
3685534 1985420.9422516168465130445661178675781
3685535 1985421.5417891186101386073895502748877
3685536 1985421.7231509024674704016754332605583
3685537 1985422.2791976898331421198180708331601
3685538 1985422.8482293098632953180882433165354
3685539 1985423.2538724917667307787577855311030
3685540 1985423.8205428986695557293938083803334
3685541 1985424.4474811469594489394973798307513
3685542 1985424.5180446031574414540909076826112
3685543 1985424.9845705421065972887473068081787
3685544 1985425.4339186695239607173853988192441
3685545 1985425.8347695800611681548533735716662
3685546 1985426.8563663696727777169884138400301
3685547 1985427.1813344546224139351096560718867
3685548 1985428.0327372735851231229697904828025
3685549 1985428.4496996167085640417500774996133
3685550 1985428.8858752599919991148664319504224
3685551 1985429.0070958819164978667429987506041
3685552 1985429.7332669494336907684054229491574
3685553 1985430.3957447952529038597922316612311
3685554 1985430.7384227940357616149005668336699
3685555 1985431.2493398530081045311320321663002
3685556 1985431.4914201827429184641377110360585
3685557 1985432.1703912419913823069713790726252
3685558 1985432.7077575477222378739823253477664
3685559 1985433.2051136524130904973776576066569
3685560 1985433.7826377309797564224381672347879
3685561 1985433.8944615193891861237024879908527
3685562 1985434.7818164715914953738723834965542
3685563 1985435.1029220834545939404961894442451
3685564 1985435.4614643582033003700846573764815
3685565 1985435.9866829838995218182144814867966
3685566 1985436.6886213698823696842294554477786
3685567 1985436.9182911583790732982437536079180
3685568 1985437.8531767374900411194287546090531
3685569 1985438.1819599546122110453980916538546
3685570 1985438.9519887903055346346484212793941
3685571 1985439.1350083195729227592903422848891
3685572 1985439.9207695438781569510398165798796
3685573 1985440.3210919360684022453666776850315
3685574 1985440.6044383818265411242383200025624
3685575 1985441.0670000995671399394991207440334
3685576 1985441.5700550216755948952724129580622
3685577 1985441.6983813361130915623179232408215
3685578 1985442.5090232615267324879862907208910
3685579 1985443.1968106359610538342254995109559
3685580 1985443.5417676037877108428320336761991
3685581 1985444.0027188394757590294675360772513
3685582 1985444.3162194728729534868606044751780
3685583 1985445.1879840066282530657617693552791
3685584 1985445.4500039586956435395217761928519
3685585 1985446.2247572970533595997667612677989
3685586 1985446.8862415811693153240296059184820
3685587 1985447.2182439196879550268280727063997
3685588 1985447.5557810492857357675075108373238
3685589 1985447.9539556687529214950142203743292
3685590 1985448.7568833094121534624797548421746
3685591 1985448.9077088052232446108203473662313
3685592 1985449.2890525202396273423075214503183
3685593 1985450.4804241502947413197240002135068
3685594 1985450.6923592461076891802392401630445
3685595 1985451.0204217018708479132087635126235
3685596 1985451.5062470136753882699264598055913
3685597 1985451.9810584762580775805290886462797
3685598 1985452.1865314892681696678751252395316
3685599 1985453.0800610067364279481907479939679
3685600 1985453.3943625345677712311776336893875
3685601 1985453.6876846591392835709538698422552
3685602 1985454.3088063699814517391374562719143
3685603 1985455.0780278527153194992881219057251
3685604 1985455.7683986119231906218735541355049
3685605 1985456.3460945573789239959889775613545
3685606 1985456.5972019266919521925557095209443
3685607 1985456.9562226745083087714698018577571
3685608 1985457.5999110366558213238732269957353
3685609 1985458.1118172187189909391098947472254
3685610 1985458.4776889166731317341062431747665
3685611 1985459.0229855168504621263635280944308
3685612 1985459.3878339543139972449798493448121
3685613 1985459.9326186240532728531537315000206
3685614 1985460.3873687914485581996905149291030
3685615 1985460.6333417026526388080344136983173
3685616 1985461.3534806858033136900918130049997
3685617 1985462.0750334616677298078254025987041
3685618 1985462.4585281869092320244920070035242
3685619 1985462.9595054514152493786721118105824
3685620 1985463.4088122686989727910978149395035
3685621 1985463.9454751500460911733093673844409
3685622 1985464.3815739509353973288872896607373
3685623 1985464.9708008388238498376735873178112
3685624 1985465.2739943058901169985118571344027
3685625 1985466.2077205245896028914139100064049
3685626 1985466.5216798131139009527210423992467
3685627 1985467.1375557604521421911306979870012
3685628 1985467.4141277227892149794748355711166
3685629 1985467.9017721863297915996747111823412
3685630 1985468.3945701985938250058155726216100
3685631 1985469.0155016380052062803526984606160
3685632 1985469.3397173665397522771090611298826
3685633 1985469.8123122930598892739802027394990
3685634 1985470.3575421270955568166841048089713
3685635 1985470.7090828103485831345555489476848
3685636 1985471.2840459567337573799674171015353
3685637 1985471.4132980501873444071405574494900
3685638 1985472.3327752725031610150121981591848
3685639 1985473.0170212700911580610945639154391
3685640 1985473.5299934647837868516930686108869
3685641 1985473.8849025990108699364339064769094
3685642 1985474.7677506763121569036340982999927
3685643 1985475.0561389648805219409612286135158
3685644 1985475.4913454372030103930494663301788
3685645 1985475.6420494922838283426723014825396
3685646 1985476.2872771894457103152113216653561
3685647 1985476.7530095157542534376980639806463
3685648 1985477.3545123591234663253941266120121
3685649 1985477.6691546241952702404895159336315
3685650 1985478.4076513833715076828305125264447
3685651 1985478.8367659120205304464870800276859
3685652 1985479.5195440915733913910521350803821
3685653 1985479.8002165557207535887900593775078
3685654 1985480.0762428045379376737929733755607
3685655 1985480.6040462396270302966925435407722
3685656 1985480.9944089351284473764675003636562
3685657 1985482.0166195921553462128752565113216
3685658 1985482.3503235032509253333842327362183
3685659 1985482.9166732924370668717738408305148
3685660 1985483.2027854756579314522129102846383
3685661 1985483.7253412396217467226899257944861
3685662 1985484.4545316393973367280050779856146
3685663 1985484.9359457109338941362008751405870
3685664 1985485.6447541511899850973708153399329
3685665 1985485.8316140862192166552345096328244
3685666 1985486.1838014939075365098290415520604
3685667 1985486.8840198788481020352893362681547
3685668 1985487.1011382098546201473521376749283
3685669 1985487.5964617344454914768182644577315
3685670 1985488.0763139741320892662497543250446
3685671 1985488.5182742485600565116934694965556
3685672 1985489.0725895851744409728415989688858
3685673 1985489.7000371176393267451401582042132
3685674 1985490.4479432335401235600274091725394
3685675 1985490.5710648753525735907845344897423
3685676 1985491.3130382012272498266850249832352
3685677 1985491.8298547938577334537481787525246
3685678 1985492.4445888583700392857869923064135
3685679 1985492.7863144375046807370090260530506
3685680 1985493.3066640392271459051170631722017
3685681 1985493.5457354214762908918312910254841
3685682 1985494.2439389787990152904699148907933
3685683 1985494.7992216354576562002584969867445
3685684 1985495.2373719143434524694583833482262
3685685 1985495.6488863060086618700484886403163
3685686 1985496.3269991825661382127780117145529
3685687 1985496.4248863646619569027862191855422
3685688 1985497.2925340581382710368671164424726
3685689 1985497.7231973622828183791076016497351
3685690 1985498.1721908400616405026913910345843
3685691 1985498.4573625580631967905877345494386
3685692 1985499.0614321313095309944397951935987
3685693 1985499.4851144155053252894844314291826
3685694 1985499.7474660876893750972869108260941
3685695 1985500.8292097151834441062653880913329
3685696 1985501.4199694792814635113876687661746
3685697 1985501.9571680747716663645456362256928
3685698 1985502.3524358484133179690071860665610
3685699 1985502.7801256700856564087098271998500
3685700 1985503.1367084139477222281728214602963
3685701 1985503.5453737141337437733854880621574
3685702 1985504.1123722087819170151460510334191
3685703 1985504.6517280478622162134229203714690
3685704 1985505.1388540872071983054338724799750
3685705 1985505.4969795212340787876845538292218
3685706 1985505.9374488442846013655465173324738
3685707 1985506.5792719243054262509490618595774
3685708 1985506.9330266699365562454736388614946
3685709 1985507.6073874448174519661063416659972
3685710 1985507.8619522498127548568363678202474
3685711 1985508.8568714365193879937935463023183
3685712 1985509.0852595484191471148453457585562
3685713 1985509.6403728447399715809611860177474
3685714 1985510.0270755370033374314441376418000
3685715 1985510.7231188420396026123622819965740
3685716 1985511.2205749342081650803094206900691
3685717 1985511.5300056738805964350220055402322
3685718 1985511.9014911013921819719229750750764
3685719 1985512.6776080455682906110744433411428
3685720 1985513.1808681533183249859552813486011
3685721 1985513.8211825737226446425448419302710
3685722 1985514.0395089270919295450305733644961
3685723 1985514.6489412681220866269526479227225
3685724 1985514.9930899390364861632417572117896
3685725 1985515.3976099262389709106832750244737
3685726 1985515.6202409562266488803573100626773
3685727 1985516.5188740804172290055609173132224
3685728 1985516.8406794631412749731791466252144
3685729 1985517.3783735318971024702320757082414
3685730 1985517.9791709881248966196311419994799
3685731 1985518.6765499696974268501439669834985
3685732 1985519.1664494233915378184197735885722
3685733 1985519.6125802643165485846144477991411
3685734 1985520.2143106023381428120492084207112
3685735 1985520.4955469146745929546434333924718
3685736 1985521.2090248212503910273026250634711
3685737 1985521.7842028955106379908213598345855
3685738 1985522.0826250839289396223496327183930
3685739 1985522.2192590756449356878887978343421
3685740 1985522.5487851510758068479575633428248
3685741 1985523.4144869478071041204609167615739
3685742 1985524.0178286852306586575288889490097
3685743 1985524.6764239236616370696859242571048
3685744 1985524.9830866774636602493389232915988
3685745 1985525.2564029715158001969077182892082
3685746 1985525.9210581813621423230824592344797
3685747 1985526.3440793136646931898753071822627
3685748 1985526.9410528323682556225105655329671
3685749 1985527.3330901210848571766118593040175
3685750 1985527.8845158287509531005340835690447
3685751 1985528.5935239181119584924149977583348
3685752 1985529.1331542535661372832514267226995
3685753 1985529.3573030350601476459014408903959
3685754 1985530.1371514812415065455722485422815
3685755 1985530.5683554428735869180241757009737
3685756 1985531.0865109867280180668516136803759
3685757 1985531.3694946352081695673473059009243
3685758 1985531.9005562098890128620616501256531
3685759 1985532.3613607438955321339831346066738
3685760 1985532.9883652537111523160535696977647
3685761 1985533.4235258221519812467470021079269
3685762 1985533.5176344653915992458658567778498
3685763 1985534.3875659168006734399475771463409
3685764 1985534.5849104967820991972849995569235
3685765 1985535.2919655428199545105669823054452
3685766 1985535.5518984818624439544017270476503
3685767 1985536.8760044243967140749812345086098
3685768 1985537.1560769432270850765970089635472
3685769 1985537.4331775877247722549380527802717
3685770 1985537.9615713387939799611771543294496
3685771 1985538.4085179823143658827917739936413
3685772 1985538.7824064046050666291595011244019
3685773 1985539.2714239208188495377988705381290
3685774 1985539.8806648549957206150715556112927
3685775 1985540.3817870279813418306495683336400
3685776 1985540.9204978133533939592886677126053
3685777 1985541.4041270302933737939678787364309
3685778 1985541.7889360396613948120759720339366
3685779 1985542.3337116134196721269694617246808
3685780 1985542.6283737436377516720144929743325
3685781 1985543.4006260652283857582679064817462
3685782 1985543.7822337017640153646908415245049
3685783 1985544.1152252923202581766219089842638
3685784 1985544.7616780436095241388036418680387
3685785 1985545.0941555291896777030052954919121
3685786 1985545.8782927683038604208960481731600
3685787 1985546.2686593797952382920369460462958
3685788 1985546.9172090893547537896209882228169
3685789 1985547.4347230643690511566951521857104
3685790 1985548.2510745499249557504987360592297
3685791 1985548.3251744765030500165321332501162
3685792 1985548.8055482981662123612791313938526
3685793 1985549.3208564745135521819833431852860
3685794 1985549.8152987067052743467056627479885
3685795 1985550.3255149436638477211735455898674
3685796 1985550.4737674450139246643725119349393
3685797 1985551.2418296500789171394146248872163
3685798 1985551.4977378321827198253558690087633
3685799 1985551.9598095322823119004206388640405
3685800 1985552.9232855291957713051433656512112
3685801 1985553.4044050078261156178255276595460
3685802 1985553.7660813139831609260646630254201
3685803 1985553.9109461747293808427088265083727
3685804 1985554.7624292394379478722798028835273
3685805 1985555.3737346441742395169793937066652
3685806 1985555.9230171364715874357065509757453
3685807 1985556.3387320929424800493313062783045
3685808 1985556.8725159544421903229558745839430
3685809 1985557.2280002806625226438927122406310
3685810 1985557.4291997777201836948504089199714
3685811 1985558.4079118475716183059963821431983
3685812 1985558.6394653618815802980772654897244
3685813 1985559.2604773888693001935660955144291
3685814 1985559.8252441574743143091874218419311
3685815 1985560.2625938795557136811963676902339
3685816 1985560.7848028248980229490697188951913
3685817 1985561.0993704740804828411940563091837
3685818 1985561.3919536393353439481859984920994
3685819 1985561.8920845941796488645778372481940
3685820 1985562.4056881497806389572771763270603
3685821 1985563.0719827423875730649723309365475
3685822 1985563.8044168014921435383679146426064
3685823 1985564.3441062613930522028546331162651
3685824 1985564.7949540579094829035963361260991
3685825 1985565.2941154501504043173626169969463
3685826 1985565.9879196839109185566011598590890
3685827 1985566.1429785374793622593059181130795
3685828 1985566.7633126890604840552726894411035
3685829 1985567.0565616598383460026256982503928
3685830 1985567.5626459157680685087694157823602
3685831 1985568.0494726646962785484368383955342
3685832 1985568.7596911663157832311290205294284
3685833 1985569.0562040905342020514887197520884
3685834 1985569.3513388380781336134869513565910
3685835 1985570.0469557291170189412268718204286
3685836 1985570.5972744160117760686388586857264
3685837 1985571.1451497767508833977841243833806
3685838 1985571.4465695356637037452942282823134
3685839 1985572.0975261572327317566932993670927
3685840 1985572.7704045133296036042519773772084
3685841 1985573.0855254285278269654750980332649
3685842 1985573.6546576436076119623830070505876
3685843 1985574.0776126773105019532499590451927
3685844 1985574.2772683253052664905880073503546
3685845 1985575.4731640186342407831766638538952
3685846 1985575.7534525610651043376455658977938
3685847 1985576.0883044346576272626013317480640
3685848 1985576.7858196054477616727247239154942
3685849 1985577.2326137946068202521608774014111
3685850 1985577.4192886779895173878904725606799
3685851 1985577.8280423679651403040931059310298
3685852 1985578.4186467307092037543932139763784
3685853 1985579.0961108528125426466074074237739
3685854 1985579.5210695877634856483403328958166
3685855 1985579.8337984895264398791585720750909
3685856 1985580.3618975993735915116122024660627
3685857 1985580.6817959727882648874949361722444
3685858 1985581.6640715030969809443446989931225
3685859 1985582.1477581182389052091346432311560
3685860 1985582.8413590175376956234286368043652
3685861 1985583.1158783432407799670955014440763
3685862 1985583.7065259186693225678170331262874
3685863 1985584.0720487208649780161438905480646
3685864 1985584.5340319980058236595238706698304
3685865 1985585.0080751802623628408634764875170
3685866 1985585.4309685408291960164483029391828
3685867 1985585.9176389858249974760230767748968
3685868 1985586.3089580268816830371608813870534
3685869 1985586.9971699976188315489470714238390
3685870 1985587.6873079704622857110062258894293
3685871 1985587.9805360297469946364715229145384
3685872 1985588.4411752202582686107493916507406
3685873 1985588.9220005513233973744211706956945
3685874 1985589.3882862936890895798366832682926
3685875 1985589.6222440121788992681323895171694
3685876 1985590.5000169887083354528379529377849
3685877 1985590.7856548021296058160187574991268
3685878 1985591.4823499453059182459162717955974
3685879 1985592.1960787403538714390856214254473
3685880 1985592.6929794685454391851283816602421
3685881 1985593.0275686455194417865442011869400
3685882 1985593.5055104779573431753071403562690
3685883 1985593.7277835185250858725364668980066
3685884 1985594.7467625738524011389417449258990
3685885 1985595.1608546246828986582143861859257
3685886 1985595.5221368098171568027115500779888
3685887 1985595.7790862907715532053753796579229
3685888 1985596.1154670999024517354149508191294
3685889 1985596.8574423135556076959715136099934
3685890 1985597.1793245495257250076814107087971
3685891 1985597.5959346119891831823330793567777
3685892 1985598.3761436527216724230064977141945
3685893 1985598.9667019501076854946848060039691
3685894 1985599.4079514945193899204122752767392
3685895 1985600.0192804469068318851069906206680
3685896 1985600.5881837347029615997994069838639
3685897 1985600.8171472534688353964824110317307
3685898 1985601.5227761428515714991686434025658
3685899 1985601.7926644595505309974542280397916
3685900 1985602.6106603043212339502534740070277
3685901 1985602.7880247464505430310520942838513
3685902 1985603.3159622293691819311257476850480
3685903 1985603.8724629476358249454351187502167
3685904 1985604.3511906986969169844207024373991
3685905 1985604.9609151518893899490606688467817
3685906 1985605.4887001093695729912652199728977
3685907 1985605.8396908016892547039128332866121
3685908 1985606.0192920134911992175320925982560
3685909 1985606.7928148110884047614654308103546
3685910 1985607.2992301718033148409179361790406
3685911 1985607.7071357920932689005129592568328
3685912 1985608.1929113202426453382307455311533
3685913 1985608.6365674928119381499581649272596
3685914 1985609.1718089849770704470725898066370
3685915 1985610.0007356594914665692041343067980
3685916 1985610.5233638609431500518409239173411
3685917 1985611.2662552523191287804081576301739
3685918 1985611.4284229630631723739041026190087
3685919 1985611.8399009409489254442420368242308
3685920 1985612.3341833877868382555074841088724
3685921 1985612.7451431854869338362362640925707
3685922 1985613.1252138639696101864582876572909
3685923 1985613.6758295107353820783764992119872
3685924 1985614.1700133497971814041868782875188
3685925 1985614.7246211066646751304313840028452
3685926 1985615.3883391591489084718569531552578
3685927 1985615.6714425666901338064458504251334
3685928 1985616.0159512394845432142594956963005
3685929 1985616.7392384210886751126087424673801
3685930 1985617.1982889558880381538206445334891
3685931 1985617.6713006848732145136192751415627
3685932 1985618.5363497849070226348964404305047
3685933 1985618.7705250120383818792564505089535
3685934 1985619.4169589446385327459625558722849
3685935 1985619.6506563047758897384831282829706
3685936 1985620.1323205056181225516673175379362
3685937 1985620.6932341645871632987480790675340
3685938 1985621.4782605220783932708425089729777
3685939 1985621.7828605275085396097104771376680
3685940 1985622.2858809588990841306381795369400
3685941 1985622.9009731669962974142578323476936
3685942 1985623.1028592994743032880021892467852
3685943 1985623.5922541094040425877533668751468
3685944 1985624.4753381130483639104020415124380
3685945 1985624.5580772678288515605757532249094
3685946 1985624.7470898745506583131103920748705
3685947 1985625.2761839647923983820209903394675
3685948 1985626.1408179720543848111278856904429
3685949 1985626.6430947752618637522281098598977
3685950 1985627.4214089624906459793914047332788
3685951 1985627.8187325111795199892033516643499
3685952 1985628.3186951822962162667938990977259
3685953 1985628.8082901075241209238886675425215
3685954 1985629.1869016026135413699814080993969
3685955 1985629.7202021502521267972683031228392
3685956 1985630.3365236537520741358261048004839
3685957 1985630.5670225618228519673088561855183
3685958 1985631.2635877504888599620411314172031
3685959 1985631.5521572538211289899991219664691
3685960 1985631.9629350896191244414848551009597
3685961 1985632.4312720858866481740033593853471
3685962 1985633.0461674326785837660268461736282
3685963 1985633.8494300530195511183693433623280
3685964 1985634.0369366060462028592169948964281
3685965 1985634.7696222268170063946467015432565
3685966 1985635.0350589570344244850100406923184
3685967 1985635.4894502180681356467113161994065
3685968 1985635.6774392755529702586375261067317
3685969 1985636.7866080168724419532352122960995
3685970 1985637.2598466745881871572706998011739
3685971 1985637.6332521717622116282528610919440
3685972 1985638.0339756609020072120575247469497
3685973 1985638.8409222941982168795586559548734
3685974 1985639.3069850357976258658432959550990
3685975 1985639.8632224406592899457082527650085
3685976 1985639.9311230277915733620242571404756
3685977 1985640.4247850993116512058492161468231
3685978 1985641.1636213797633345442605718235390
3685979 1985641.5935938347766324611804039487775
3685980 1985641.9820602171221806447264363098838
3685981 1985642.2793562301094612224809989066422
3685982 1985642.9505901751197517775208581788439
3685983 1985643.3342387638235628853794546108766
3685984 1985643.9950046749840749829838639186285
3685985 1985644.3762965200460804394779793411102
3685986 1985645.1442711474669738170672880928293
3685987 1985645.6218999255331830642003340901916
3685988 1985646.3521918224979857087902777471803
3685989 1985646.7568282518822820134270484894985
3685990 1985647.0856544238928858169007830462224
3685991 1985647.5747858658451328179802615093081
3685992 1985647.9729717105232995332722527973486
3685993 1985648.2941882408622033401888421484988
3685994 1985648.9044284967413087164096146821040
3685995 1985649.5283025614581144768372959883042
3685996 1985650.3222732837264454835075354928609
3685997 1985650.6689594841773957305270856041134
3685998 1985650.8182596245338678291999599300168
3685999 1985651.4092777284454079625512022351190
3686000 1985651.8245681165260303778715330907758
3686001 1985652.3759533945596896109345244461508
3686002 1985652.8199445383958728097694035388165
3686003 1985653.3587079571433054298480495188870
3686004 1985654.0836644702657537627894649935672
3686005 1985654.2557972213189828646948923784290
3686006 1985655.0441920321099772932855138542641
3686007 1985655.5053060492953772955661663135726
3686008 1985656.1402137048947960073873227764685
3686009 1985656.6453324564630743842820292851204
3686010 1985657.1294933900108660385696137302322
3686011 1985657.6327208734875818888789354074042
3686012 1985657.9758317843496617997720808645854
3686013 1985658.3523645393054002580297832168571
3686014 1985658.9895323034816724506407323945913
3686015 1985659.3366486112866594091153281772060
3686016 1985659.6664027872693772181258465336280
3686017 1985660.1823608451171734487820513026319
3686018 1985660.8801348938447361810929421107407
3686019 1985661.4575667167036023637985579663040
3686020 1985661.7204885613707091892896152539206
3686021 1985662.4008787646383820116838152372544
3686022 1985663.0034026185527292569477238702733
3686023 1985663.5965874192289550511724720469090
3686024 1985663.8362607561197882657336098213738
3686025 1985664.3289516634978378238895624761022
3686026 1985664.8573190850052179915792606839963
3686027 1985665.7105576812961133748783101362340
3686028 1985665.8715548517744718284132580538438
3686029 1985666.3611889867126857678398846718875
3686030 1985667.0365226673961288272607154555628
3686031 1985667.2638643261085935125442196924393
3686032 1985667.7535445761825804149519593242934
3686033 1985668.5372182713665368542039346626466
3686034 1985668.9196032379773142207708937996473
3686035 1985669.3814929670136398474016025077570
3686036 1985669.7109612647243379596213900404652
3686037 1985670.2469491930476703982100290447327
3686038 1985670.7399336152436425916254385645688
3686039 1985671.0588513217258424361032396511436
3686040 1985671.4908679548624117827665285742884
3686041 1985672.1601395690149965663811866252964
3686042 1985673.3229436453213452283127119092407
3686043 1985673.6686787830029160571904338387156
3686044 1985673.9096817089965991899988547469748
3686045 1985674.3084396252581836055190977318704
3686046 1985674.8767498961143942444162155253143
3686047 1985675.3734497510814903250966901969765
3686048 1985675.9241261729864213244759284339100
3686049 1985676.1334350710693147727719753122415
3686050 1985676.9236916868078880240044063108894
3686051 1985677.1838861765213509290316344768549
3686052 1985677.4976610054123292330356342660296
3686053 1985678.2550201896924365181903876654624
3686054 1985678.9446704877337100914325842632463
3686055 1985679.1930900638391626505323305015059
3686056 1985679.5811793535423362225039665587872
3686057 1985680.3272296090080941237228841359262
3686058 1985680.4737960716318453202545946289810
3686059 1985681.4493083211406710376770886403582
3686060 1985681.8489941011963444446813861829314
3686061 1985682.2646190764931336814137751798250
3686062 1985682.6928685526603619943192709916283
3686063 1985683.2484351695483276270063729220404
3686064 1985683.7875609987239338073854989390274
3686065 1985684.2975050171915015510505187911193
3686066 1985684.8668631014485668239468081305712
3686067 1985685.5149836245075053377379867065477
3686068 1985685.8702821511472681715354062704741
3686069 1985686.2812608254054570746421623221688
3686070 1985686.5932395404251965539841337260373
3686071 1985687.0338499419008883052063434659719
3686072 1985687.4674245930198295329730956822916
3686073 1985687.9893739498717000345211872580984
3686074 1985688.7560209988148424288488564156307
3686075 1985689.0532730685647147060966165496832
3686076 1985689.4809431161195164913668979080502
3686077 1985690.2416361752492221336374098471569
3686078 1985690.8818030766701537221536635608033
3686079 1985691.0666425099152362373785587366972
3686080 1985692.0023068654691062429943185533602
3686081 1985692.3962453334324170011847622138563
3686082 1985692.8475262572507087509304386364444
3686083 1985693.1433527051611088791735022389372
3686084 1985693.7204587009682091607167506185888
3686085 1985693.9308084058774641759269742635648
3686086 1985694.5380462497877186660743866147914
3686087 1985695.3278539708639280437363906670462
3686088 1985695.4956451087564700913513921259826
3686089 1985696.0926417503344417116030821503253
3686090 1985696.7516266259812045571478440945355
3686091 1985697.2049991657583397403805979844362
3686092 1985697.5854660292114062268558486283361
3686093 1985698.1019842532283290919621565437375
3686094 1985698.2215181783772612230008732878716
3686095 1985699.1706245205744750240403415598003
3686096 1985699.4504711184773696471137690686985
3686097 1985699.9988524299953567195948118436581
3686098 1985700.8531197919907258169444486053097
3686099 1985701.2276831388028615387773396130057
3686100 1985701.8857844739517766994102125759351
3686101 1985702.1418636637067448468306115268367
3686102 1985702.8072424584745743047000662345140
3686103 1985703.0849897446852659738023049809799
3686104 1985703.5377761896709967124951353113975
3686105 1985704.0096950247928768223272411504757
3686106 1985704.5872726644461283385467788140452
3686107 1985705.3100536796896971013202087776756
3686108 1985705.4818306205421719198041103055601
3686109 1985705.7055468544541897522789597217074
3686110 1985706.3420652808092048784577645064855
3686111 1985706.6575586121825347009177852489899
3686112 1985707.7299303359259042961948243480814
3686113 1985708.1958080467311943014965691431188
3686114 1985708.6421333159394561288454168171229
3686115 1985709.0521501744429891832091573154554
3686116 1985709.7727892115303823750373706306648
3686117 1985710.0545497919296590136260295957319
3686118 1985710.5861221917196096743593302224687
3686119 1985710.9251805143040160337621949440322
3686120 1985711.4791449602094815169067747348232
3686121 1985712.0890150321910297454891411381534
3686122 1985712.7646218261155551086964114297573
3686123 1985712.9699798082274270292235580250603
3686124 1985713.5057799047096506757679167697765
3686125 1985714.0135078276559519344585228620673
3686126 1985714.4615536999135970657487464329028
3686127 1985714.9545036805974350192025586273757
3686128 1985715.4458083297279444678808759126928
3686129 1985715.9611429279212436856306268190616
3686130 1985716.2250633232223289958998794745506
3686131 1985716.6734983707355244683414620784984
3686132 1985717.5109908492868779664907233516823
3686133 1985718.0063006074300829284016700348548
3686134 1985718.5137147527748147692764610723971
3686135 1985719.1277165337891529310673572299347
3686136 1985719.7463261095836105578560254973080
3686137 1985719.9872281469029517090905908321924
3686138 1985720.8543771853305588462731937241169
3686139 1985721.0082636870409501307536971277596
3686140 1985721.4233096124955943875162925933606
3686141 1985721.9040265595958813530142382116698
3686142 1985722.1727596443462665691797586956137
3686143 1985722.7714826326962206810872983512941
3686144 1985723.2975390482505136818910892451620
3686145 1985723.9881295114594639044020202082440
3686146 1985724.3390459923532432613496156625033
3686147 1985725.1557835657551360618609072450682
3686148 1985725.2672068558644454472783527785946
3686149 1985725.7789592085616661269309870364368
3686150 1985726.1683115414855652757842084874469
3686151 1985726.9856720938920710599806890083031
3686152 1985727.6445293414722002538007689239510
3686153 1985727.9911873806641180775759555753904
3686154 1985728.3861483704964643679566944831100
3686155 1985729.0293544880243602444673499077653
3686156 1985729.3814056079230271224511084782731
3686157 1985729.6554247828635154105368216356220
3686158 1985730.6921287479458740178208189700665
3686159 1985731.0797281822217837756561475569310
3686160 1985731.2482615097309981192469019666222
3686161 1985732.1448638613617519345990524243268
3686162 1985732.2780143189950710986045504174658
3686163 1985732.6481125171463196701403351789736
3686164 1985733.2855736695853889304194606650163
3686165 1985733.5698049025502424288077595463429
3686166 1985734.2331382782415034840930725988720
3686167 1985734.6158980574204569362013038793595
3686168 1985735.1301953977832491145639001875159
3686169 1985735.9982853586920274772478721200388
3686170 1985736.5442629321703775424157414163226
3686171 1985737.1956181225183328393557340342120
3686172 1985737.5385706495751702953204148803330
3686173 1985737.8352372547131599332210918677688
3686174 1985738.1320325544536722559284970848343
3686175 1985738.8703863108462983751063609100291
3686176 1985739.4523157966400975471483987920673
3686177 1985739.8477847825816052262771491519059
3686178 1985740.2083753656499142754197634640530
3686179 1985740.5692158029710159919011491891587
3686180 1985741.4386324450203688423510666075334
3686181 1985741.7959613897006033459404436537237
3686182 1985742.1090137574823909262181124637935
3686183 1985742.6157038392622166109548243450618
3686184 1985743.3416429929519924253695017047547
3686185 1985743.8182570458841006717337211710324
3686186 1985744.3087233154532037593921504059191
3686187 1985744.6015399187128342063129939408876
3686188 1985745.1728017688145635105408856789280
3686189 1985745.6853540394911342511390049203427
3686190 1985746.1825255079989814173866960309952
3686191 1985747.0987023930960057235575918975164
3686192 1985747.4738472208034799284297461342213
3686193 1985747.9635409331936347679065529421058
3686194 1985748.3270347105338712231667135741719
3686195 1985748.5829924522341721036292197179223
3686196 1985749.4013708562233826001894810335271
3686197 1985749.7181878722998551500713253658800
3686198 1985750.0789839677778875546905778316154
3686199 1985750.6491405475297555382332642644630
3686200 1985751.1094496438162913782524305548892
3686201 1985751.4492628823236505185919077630964
3686202 1985752.1986888432892153012220107962256
3686203 1985752.5117566467020694296392061958229
3686204 1985753.1624464398610615359884065329278
3686205 1985753.5896676418230320539646584493388
3686206 1985754.4714514415027272891038466081860
3686207 1985754.9192701922575617865635514619972
3686208 1985755.3589494785413140742660836707649
3686209 1985755.5823322486173634579525833558479
3686210 1985756.3146053159054335832351317699896
3686211 1985756.8171542508370532201231686969412
3686212 1985757.1880107425850893011363027469671
3686213 1985757.4932036720683887112031745826881
3686214 1985757.8889516608959285808876872794092
3686215 1985758.8291364664380374579885641782521
3686216 1985759.3308343603184570763511484680128
3686217 1985759.7221292765309166231248706832561
3686218 1985760.2383427848534956369883085122770
3686219 1985760.5229607284370359231211022413756
3686220 1985760.9814894666287856979583526567031
3686221 1985761.3502656713516886387551100937947
3686222 1985762.0026930980817993111819646603095
3686223 1985762.3446467281327079463724506425585
3686224 1985763.4569508976859455431918486598260
3686225 1985763.6306248730512026214032204910045
3686226 1985764.1541906703859264994113042882562
3686227 1985764.6893195957650021377966614193722
3686228 1985765.3604534519298285487081179831696
3686229 1985765.7089187844617847655210494062361
3686230 1985766.1409103909813457587833316411102
3686231 1985766.8453971135047587208007671777331
3686232 1985767.0917990357730954699292810959694
3686233 1985767.5709040769467028371223297600904
3686234 1985768.0290255173625230800119859821535
3686235 1985768.3475676236334820236075924667547
3686236 1985768.8262470577072695912255307729349
3686237 1985769.4895387468687405692816736113804
3686238 1985769.9954711784579524316647254881978
3686239 1985770.5716546984558732616313099880548
3686240 1985771.1714131004050885719042055663692
3686241 1985771.4129348799445804039483278582403
3686242 1985772.1969206141168165789374435638588
3686243 1985772.5360745222272160827537777536991
3686244 1985773.1798307326983568940135754467668
3686245 1985773.6014341170676357682033660480457
3686246 1985774.0825140763036555977087081540659
3686247 1985774.4374933686651522414704980025337
3686248 1985775.0072211721651846091524745449252
3686249 1985775.9116162442990998905019579597989
3686250 1985776.0189986054891422526750404062516